   eps=  .10000E-10
++++++++++++
++++++++++++
++++++++++++
[  .88815E-01,   .59187E+01,   .67000E+03],
++++++++++++
[  .87364E-01,   .58710E+01,   .67000E+03],
++++++++++++
++++++++++++
[  .85727E-01,   .58170E+01,   .67000E+03],
++++++++++++
++++++++++++
[  .84150E-01,   .57648E+01,   .67000E+03],
[  .83053E-01,   .57284E+01,   .67000E+03],
[  .81981E-01,   .56927E+01,   .67000E+03],
[  .80940E-01,   .56581E+01,   .67000E+03],
[  .79932E-01,   .56247E+01,   .67000E+03],
[  .78948E-01,   .55921E+01,   .67000E+03],
++++++++++++
[  .77798E-01,   .55539E+01,   .67000E+03],
++++++++++++
[  .76688E-01,   .55171E+01,   .67000E+03],
[  .75789E-01,   .54874E+01,   .67000E+03],
[  .74914E-01,   .54586E+01,   .67000E+03],
[  .74060E-01,   .54306E+01,   .67000E+03],
[  .73234E-01,   .54038E+01,   .67000E+03],
[  .72426E-01,   .53775E+01,   .67000E+03],
++++++++++++
++++++++++++
++++++++++++
[  .71171E-01,   .53366E+01,   .67000E+03],
[  .70406E-01,   .53117E+01,   .67000E+03],
[  .69653E-01,   .52869E+01,   .67000E+03],
[  .68918E-01,   .52629E+01,   .67000E+03],
[  .68199E-01,   .52394E+01,   .67000E+03],
[  .67502E-01,   .52168E+01,   .67000E+03],
++++++++++++
[  .66678E-01,   .51899E+01,   .67000E+03],
   eps=  .10000E-10
[  .67224E-01,   .52078E+01,   .67000E+03],
[  .66057E-01,   .51244E+01,   .67000E+03],
++++++++++++
[  .64826E-01,   .50362E+01,   .67000E+03],
[  .63880E-01,   .49674E+01,   .67000E+03],
   eps=  .10000E-10
++++++++++++
++++++++++++
[  .63405E-01,   .49328E+01,   .67000E+03],
   eps=  .10000E-10
[  .63357E-01,   .49294E+01,   .67000E+03],
++++++++++++
++++++++++++
++++++++++++
[  .63046E-01,   .49074E+01,   .67000E+03],
++++++++++++
[  .62813E-01,   .48908E+01,   .67000E+03],
